4294967279,19
4294967279,18
4294967279,16
4294967279,15
4294967279,14
4294967279,322
4294967278,448
4294967278,354
15,5
4294967294,436
4294967294,416
4294967294,51
4294967294,52
4294967294,88
4294967294,1414
4294967294,83
4294967279,11
4294967279,10
4294967279,321
4294967294,5
4294967278,255
21,2
4294967278,254
21,4
21,5
23,4
23,5
4294967294,7
15,4
4294967278,132
4294967278,131
4294967278,130
4294967278,129
4294967278,128
4294967278,127
4294967278,126
4294967278,125
4294967278,124
4294967278,123
4294967278,121
4294967278,120
4294967278,119
4294967278,116
4294967278,114
4294967278,113
4294967278,112
4294967278,111
4294967278,110
4294967278,346
4294967278,174
4294967278,106
4294967278,104
4294967278,103
4294967278,102
4294967278,101
4294967278,320
4294967278,100
4294967278,99
4294967278,98
4294967278,97
4294967278,96
4294967278,95
4294967278,94
4294967278,93
4294967278,92
4294967278,91
4294967278,90
4294967278,89
4294967278,87
4294967278,86
4294967278,85
4294967278,84
4294967278,83
4294967278,82
4294967278,81
4294967278,80
4294967278,79
4294967278,78
4294967278,77
4294967278,76
4294967278,75
4294967278,74
4294967278,73
4294967278,72
4294967278,71
4294967278,70
4294967278,69
4294967278,68
4294967278,67
4294967278,66
4294967278,65
4294967278,64
4294967278,63
4294967278,62
4294967278,61
4294967278,60
4294967279,77
4294967279,74
4294967279,71
4294967279,68
4294967279,65
4294967279,58
4294967279,55
4294967279,52
4294967279,51
4294967279,48
4294967279,45
4294967279,43
4294967279,42
4294967279,39
4294967279,38
4294967279,36
4294967279,34
4294967279,31
4294967279,29
4294967279,21
4294967279,20
4294967279,17
4294967279,13
4294967279,12
4294967279,9
4294967279,8
4294967279,7
4294967279,6
4294967279,5
4294967279,4
4294967278,122
4294967278,252
4294967294,30
4294967294,61
4294967279,320
4294967279,538
4294967279,0
4294967294,75
4294967294,18
4294967294,20
4294967294,12
4294967278,250
4294967294,11
4294967294,68
4294967278,248
2,4
4294967278,109
4294967294,81
4294967294,50
4294967278,384
4294967278,0
4294967294,392
4294967294,389
4294967294,120
4294967294,2
4294967278,118
4294967278,245
4294967294,22
23,3
4294967278,117
4294967278,242
4294967278,243
4294967278,240
4294967294,1
4294967294,204
4294967294,46
4294967278,115
4294967278,238
4294967278,239
4294967278,237
4294967294,128
4294967294,185
4294967294,435
4294967294,149
4294967294,1015
4294967278,234
4294967294,94
4294967294,96
4294967278,228
27,6
4294967278,232
27,5
27,4
4294967278,230
27,3
27,2
27,1
4294967278,229
4294967294,9
0,7
4294967294,93
4294967294,95
4294967294,17
4294967294,99
4294967278,108
4294967278,227
4294967294,0
4294967294,107
4294967294,67
0,5
4294967294,25
4294967294,92
4294967294,90
4294967294,86
4294967294,150
4294967294,129
4294967294,418
4294967294,28
4294967294,27
4294967294,472
4294967294,146
4294967294,26
4294967294,395
4294967294,24
4294967294,53
4294967294,1419
4294967294,426
4294967294,43
4294967294,41
4294967294,38
4294967294,201
4294967278,107
4294967278,225
4294967278,105
4294967278,221
4294967294,6
4294967278,218
4294967278,216
4294967294,8
4294967278,383
4294967279,575
4294967278,382
4294967279,574
4294967278,381
4294967278,380
4294967279,573
4294967279,572
4294967278,379
4294967278,378
4294967279,571
4294967278,377
4294967279,570
4294967278,376
4294967278,375
4294967279,569
4294967279,568
4294967279,567
4294967278,374
4294967279,566
4294967278,373
4294967278,372
4294967279,565
4294967278,371
4294967278,370
4294967278,369
4294967279,564
4294967278,368
4294967278,367
4294967279,563
4294967279,562
4294967279,561
4294967278,366
4294967279,560
4294967279,559
4294967293,131
4294967293,130
4294967293,129
4294967293,128
4294967293,127
4294967293,126
4294967293,125
4294967293,124
4294967293,123
4294967293,122
4294967293,121
4294967293,120
4294967293,119
4294967293,118
4294967293,117
4294967293,116
4294967293,115
4294967293,114
4294967293,113
4294967293,112
4294967293,111
4294967293,110
4294967293,109
4294967293,108
4294967293,107
4294967293,106
4294967293,105
4294967293,104
4294967293,103
4294967293,102
4294967293,101
4294967293,100
4294967293,99
4294967293,98
4294967293,97
4294967293,96
4294967293,95
4294967293,94
4294967293,93
4294967293,92
4294967293,91
4294967293,90
4294967293,89
4294967293,88
4294967293,87
4294967293,86
4294967293,85
4294967293,84
4294967293,83
4294967293,82
